1728426181
810845566
13522911329
8369369561
1849619809
6645675524  
3178848011
13604444880
2734458741
6645675524
13378380144
2047440709
3178848011
3093017822
9751581668
11687224229
2742057707
1389560195
7093091013
7020667991
13041111627
12987534067
10320250995
10325377176
12870622933
12828387441
4926728352
2698346812
12042227082
12474214965
2375741038
11357226664
2449949651
3516847037
8997497869
1304985521
2508801095
11347850751
3073718629
2980049774
1996262590
1887397617
2734093001
8542817278
12930221828
12923230158
2979141156
3575519015
8369369561
12943365816
1728426181
12362719084
13510371578
2725533941
11801617408
1189824958
6658536269
13522911329
13507395843
13406074354
13526456173
13522412021
2089939694
13472996151
8728512293
11576977266
8728512293|2028-10-20T14:25:00.691710|lightyagami.0
12929530954|2026-10-21T19:01:24.214785|purplecheat
394580707
10022279820
5963427347
3037992504
12927248433
13635249315
10325377176
3659468681
9437485267
458870933
13518346097
1845906631
8861908386
13041095580
6084448339
2047030092
13660247507
13660293859
13690804698
13700411142
13631284949
12964737284
13699927916
2087273857
12824046228
2631038866
1722669641
2564241155
2433595083
1780066577
1543979775
2449949651
13550173582
2429093030
7950081067
13750520432
8577948705
4016550629
254090304
3198037983
13692940396
103000731245
3227031878
2203050058
2005096079
10146238218
7326514011
3827498509
3827498509
13331317746
8706506388
9769491783
